2 1 175 184 245 219 -1 -1 -1 0 
2 2 59 179 130 206 -1 -1 -1 0 
2 3 179 167 240 236 -1 -1 -1 0 
3 1 175 184 245 219 -1 -1 -1 0 
3 2 58 179 129 206 -1 -1 -1 0 
3 3 179 167 240 236 -1 -1 -1 0 
4 1 175 184 245 219 -1 -1 -1 0 
4 2 58 179 129 206 -1 -1 -1 0 
4 3 179 167 240 236 -1 -1 -1 0 
5 1 191 183 257 217 -1 -1 -1 0 
5 2 58 179 129 206 -1 -1 -1 0 
5 3 197 166 252 235 -1 -1 -1 0 
6 1 198 183 262 217 -1 -1 -1 0 
6 3 203 166 258 235 -1 -1 -1 0 
7 1 199 182 263 216 -1 -1 -1 0 
7 3 205 165 260 234 -1 -1 -1 0 
7 4 109 181 184 208 -1 -1 -1 0 
8 1 200 182 264 216 -1 -1 -1 0 
8 3 205 165 260 234 -1 -1 -1 0 
8 4 109 181 184 208 -1 -1 -1 0 
9 1 200 182 264 216 -1 -1 -1 0 
9 3 205 165 260 234 -1 -1 -1 0 
9 4 109 181 184 208 -1 -1 -1 0 
10 1 216 182 271 216 -1 -1 -1 0 
10 3 222 165 266 234 -1 -1 -1 0 
10 4 109 181 184 208 -1 -1 -1 0 
11 1 220 182 275 215 -1 -1 -1 0 
11 3 226 165 270 234 -1 -1 -1 0 
11 4 153 182 220 208 -1 -1 -1 0 
12 1 222 181 278 215 -1 -1 -1 0 
12 3 228 165 272 233 -1 -1 -1 0 
12 4 161 182 228 207 -1 -1 -1 0 
13 1 222 181 278 215 -1 -1 -1 0 
13 3 228 165 272 233 -1 -1 -1 0 
13 4 164 183 231 208 -1 -1 -1 0 
14 1 222 181 278 215 -1 -1 -1 0 
14 3 228 165 272 233 -1 -1 -1 0 
14 4 165 183 232 208 -1 -1 -1 0 
15 1 222 181 278 215 -1 -1 -1 0 
15 3 228 165 272 233 -1 -1 -1 0 
15 4 165 183 232 208 -1 -1 -1 0 
16 1 222 181 278 215 -1 -1 -1 0 
16 3 228 165 272 233 -1 -1 -1 0 
16 4 165 183 232 208 -1 -1 -1 0 
17 1 222 181 278 215 -1 -1 -1 0 
17 3 228 165 272 233 -1 -1 -1 0 
17 4 165 183 231 208 -1 -1 -1 0 
18 1 222 181 278 215 -1 -1 -1 0 
18 3 228 165 272 233 -1 -1 -1 0 
18 4 164 183 231 208 -1 -1 -1 0 
19 1 222 181 277 215 -1 -1 -1 0 
19 3 228 165 271 233 -1 -1 -1 0 
19 4 164 183 231 208 -1 -1 -1 0 
