2 1 193 51 219 78 -1 -1 -1 0 
2 2 209 101 245 116 -1 -1 -1 0 
2 3 197 43 215 89 -1 -1 -1 0 
3 1 192 52 218 79 -1 -1 -1 0 
3 2 209 101 243 115 -1 -1 -1 0 
3 3 196 44 214 90 -1 -1 -1 0 
4 1 192 54 217 81 -1 -1 -1 0 
4 2 207 101 243 115 -1 -1 -1 0 
4 3 195 45 214 91 -1 -1 -1 0 
5 1 191 56 216 82 -1 -1 -1 0 
5 2 205 100 241 114 -1 -1 -1 0 
5 3 195 48 212 94 -1 -1 -1 0 
6 1 191 57 214 84 -1 -1 -1 0 
6 2 205 98 239 113 -1 -1 -1 0 
6 3 194 49 210 95 -1 -1 -1 0 
7 1 191 59 212 86 -1 -1 -1 0 
7 2 203 96 239 110 -1 -1 -1 0 
7 3 194 50 210 96 -1 -1 -1 0 
8 1 189 60 212 88 -1 -1 -1 0 
8 2 203 94 238 109 -1 -1 -1 0 
8 3 193 51 209 97 -1 -1 -1 0 
9 1 190 61 212 89 -1 -1 -1 0 
9 2 203 93 238 108 -1 -1 -1 0 
9 3 193 52 209 98 -1 -1 -1 0 
10 1 189 62 212 90 -1 -1 -1 0 
10 2 204 92 237 107 -1 -1 -1 0 
10 3 193 53 208 99 -1 -1 -1 0 
11 1 188 63 212 92 -1 -1 -1 0 
11 2 204 91 237 106 -1 -1 -1 0 
12 1 189 64 213 93 -1 -1 -1 0 
12 2 204 88 237 103 -1 -1 -1 0 
12 3 193 56 209 102 -1 -1 -1 0 
13 1 190 65 213 93 -1 -1 -1 0 
13 2 204 87 238 101 -1 -1 -1 0 
13 3 193 57 210 103 -1 -1 -1 0 
14 1 190 67 213 94 -1 -1 -1 0 
14 2 204 85 239 99 -1 -1 -1 0 
14 3 194 58 211 104 -1 -1 -1 0 
15 1 190 68 213 96 -1 -1 -1 0 
15 2 205 84 239 98 -1 -1 -1 0 
15 3 189 61 215 102 -1 -1 -1 0 
16 2 209 82 241 97 -1 -1 -1 0 
16 3 191 63 215 102 -1 -1 -1 0 
17 1 192 69 217 97 -1 -1 -1 0 
17 2 212 79 244 94 -1 -1 -1 0 
17 3 196 62 212 105 -1 -1 -1 0 
18 1 194 70 219 98 -1 -1 -1 0 
18 2 217 76 247 92 -1 -1 -1 0 
18 3 198 62 214 107 -1 -1 -1 0 
19 1 196 70 221 99 -1 -1 -1 0 
19 2 221 72 251 89 -1 -1 -1 0 
19 3 198 63 215 108 -1 -1 -1 0 
